x: [4.74666667e+00 5.01666667e+00 5.73000000e+00 ... 1.47436534e+06
 1.47436666e+06 1.47437449e+06]
xp: [  157075.51333333   157104.42         157133.32666667 ...
 14527444.34814815 14527479.38518519 14527514.42222222]
fp.shape: (98910, 2)
i: [     0      1      2 ... 845958 845959 845960]
j: [    0     0     0 ... 11438 11438 11438]
d: [-5.43372117e+03 -5.43371183e+03 -5.43368715e+03 ...  2.07047035e-01
  2.43027493e-01  4.56997350e-01]
x: [5.32000000e+00 6.17333333e+00 6.98333333e+00 ... 1.47434944e+06
 1.47435632e+06 1.47435697e+06]
xp: [  157075.51333333   157104.42         157133.32666667 ...
 14527444.34814815 14527479.38518519 14527514.42222222]
fp.shape: (98910, 2)
i: [     0      1      2 ... 678993 678994 678995]
j: [    0     0     0 ... 11437 11437 11437]
d: [-5.43370134e+03 -5.43367182e+03 -5.43364380e+03 ...  7.78765505e-01
  9.61636149e-01  9.78913172e-01]
x: [   2185.16666667    2185.56          2185.87666667 ... 1472516.99666667
 1473710.83666667 1473744.54333333]
xp: [  157075.51333333   157104.42         157133.32666667 ...
 14527444.34814815 14527479.38518519 14527514.42222222]
fp.shape: (98910, 2)
i: [    0     1     2 ... 70884 70885 70886]
j: [    0     0     0 ... 11387 11419 11420]
d: [-5.35829151e+03 -5.35827791e+03 -5.35826695e+03 ...  7.08964215e-01
  7.83461282e-01  6.27253004e-01]
x: [   2652.24         15632.47         15750.88666667 ... 1474115.84333333
 1474130.34       1474130.96666667]
xp: [  157075.51333333   157104.42         157133.32666667 ...
 14527444.34814815 14527479.38518519 14527514.42222222]
fp.shape: (98910, 2)
i: [    0     1     2 ... 12227 12228 12229]
j: [    0     0     0 ... 11431 11431 11431]
d: [-5.34213353e+03 -4.89309421e+03 -4.88899769e+03 ...  2.78234002e-01
  6.96292227e-01  7.14364186e-01]
x: [   2807.03333333    7120.74          7121.21666667 ... 1472592.78666667
 1473710.51333333 1473716.64333333]
xp: [  157075.51333333   157104.42         157133.32666667 ...
 14527444.34814815 14527479.38518519 14527514.42222222]
fp.shape: (98910, 2)
i: [   0    1    2 ... 6641 6642 6643]
j: [    0     0     0 ... 11389 11419 11419]
d: [-5.33677860e+03 -5.18754982e+03 -5.18753333e+03 ...  5.48858119e-01
  7.75367156e-01  9.28821762e-01]
x: [1.39306667e+02 1.96126667e+02 3.13446667e+02 ... 1.47428077e+06
 1.47430058e+06 1.47434586e+06]
xp: [  157075.51333333   157104.42         157133.32666667 ...
 14527444.34814815 14527479.38518519 14527514.42222222]
fp.shape: (98910, 2)
i: [    0     1     2 ... 34557 34558 34559]
j: [    0     0     0 ... 11435 11436 11437]
d: [-5.42906619e+03 -5.42710055e+03 -5.42304197e+03 ...  9.53337271e-01
  4.80064973e-01  6.83520378e-01]
x: [1.60333333e+00 2.34000000e+00 8.40666667e+00 ... 1.47435715e+06
 1.47436615e+06 1.47436662e+06]
xp: [  157075.51333333   157104.42         157133.32666667 ...
 14527444.34814815 14527479.38518519 14527514.42222222]
fp.shape: (98910, 2)
i: [     0      1      2 ... 525101 525102 525103]
j: [    0     0     0 ... 11437 11438 11438]
d: [-5.43382991e+03 -5.43380443e+03 -5.43359456e+03 ...  9.83697578e-01
  2.29090759e-01  2.41843326e-01]
x: [1.24666667e+00 8.01000000e+00 8.81666667e+00 ... 1.47437247e+06
 1.47437364e+06 1.47437447e+06]
xp: [  157075.51333333   157104.42         157133.32666667 ...
 14527444.34814815 14527479.38518519 14527514.42222222]
fp.shape: (98910, 2)
i: [     0      1      2 ... 505779 505780 505781]
j: [    0     0     0 ... 11438 11438 11438]
d: [-5.43384225e+03 -5.43360828e+03 -5.43358037e+03 ...  4.01705863e-01
  4.33769460e-01  4.56450812e-01]
x: [3.63833333e+01 4.92800000e+01 4.98533333e+01 ... 1.47433928e+06
 1.47433998e+06 1.47434058e+06]
xp: [  157075.51333333   157104.42         157133.32666667 ...
 14527444.34814815 14527479.38518519 14527514.42222222]
fp.shape: (98910, 2)
i: [    0     1     2 ... 16732 16733 16734]
j: [    0     0     0 ... 11437 11437 11437]
d: [-5.43262673e+03 -5.43218058e+03 -5.43216075e+03 ...  5.08535145e-01
  5.27318370e-01  5.43089191e-01]
x: [4.64753333e+02 4.65356667e+02 4.65826667e+02 ... 1.47373734e+06
 1.47386773e+06 1.47386867e+06]
xp: [  157075.51333333   157104.42         157133.32666667 ...
 14527444.34814815 14527479.38518519 14527514.42222222]
fp.shape: (98910, 2)
i: [   0    1    2 ... 3593 3594 3595]
j: [    0     0     0 ... 11420 11424 11424]
d: [-5.41780766e+03 -5.41778679e+03 -5.41777053e+03 ...  4.47012684e-01
  1.22988190e-01  1.50288382e-01]
x: [1.35333333e+00 2.78000000e+01 2.86100000e+01 ... 1.47417179e+06
 1.47419619e+06 1.47434178e+06]
xp: [  157075.51333333   157104.42         157133.32666667 ...
 14527444.34814815 14527479.38518519 14527514.42222222]
fp.shape: (98910, 2)
i: [    0     1     2 ... 18232 18233 18234]
j: [    0     0     0 ... 11432 11433 11437]
d: [-5.43383856e+03 -5.43292366e+03 -5.43289564e+03 ...  8.91540785e-01
  5.95289756e-01  5.75162434e-01]
x: [7.51950000e+02 1.69543667e+03 1.69648667e+03 ... 1.47371699e+06
 1.47371741e+06 1.47427801e+06]
xp: [  157075.51333333   157104.42         157133.32666667 ...
 14527444.34814815 14527479.38518519 14527514.42222222]
fp.shape: (98910, 2)
i: [    0     1     2 ... 12667 12668 12669]
j: [    0     0     0 ... 11419 11419 11435]
d: [-5.40787235e+03 -5.37523328e+03 -5.37519696e+03 ...  9.37416555e-01
  9.48097463e-01  8.80064973e-01]
x: [1.25919333e+03 1.29958000e+03 1.39743667e+03 ... 1.47417811e+06
 1.47422186e+06 1.47437338e+06]
xp: [  157075.51333333   157104.42         157133.32666667 ...
 14527444.34814815 14527479.38518519 14527514.42222222]
fp.shape: (98910, 2)
i: [   0    1    2 ... 9447 9448 9449]
j: [    0     0     0 ... 11433 11434 11438]
d: [-5.39032472e+03 -5.38892758e+03 -5.38554232e+03 ...  7.39906619e-02
  3.35567152e-01  4.26664458e-01]
x: [  16847.47666667   16881.54666667   16882.25666667 ... 1470405.09333333
 1470405.60666667 1470406.85666667]
xp: [  157075.51333333   157104.42         157133.32666667 ...
 14527444.34814815 14527479.38518519 14527514.42222222]
fp.shape: (98910, 2)
i: [   0    1    2 ... 2544 2545 2546]
j: [    0     0     0 ... 11329 11329 11329]
d: [-4.85106215e+03 -4.84988353e+03 -4.84985897e+03 ...  7.76876340e-01
  7.92012152e-01  8.28868835e-01]
x: [1.11146667e+02 3.73946667e+02 3.75563333e+02 ... 1.47417736e+06
 1.47417813e+06 1.47427706e+06]
xp: [  157075.51333333   157104.42         157133.32666667 ...
 14527444.34814815 14527479.38518519 14527514.42222222]
fp.shape: (98910, 2)
i: [    0     1     2 ... 22092 22093 22094]
j: [    0     0     0 ... 11433 11433 11435]
d: [-5.43004036e+03 -5.42094903e+03 -5.42089310e+03 ...  5.23619885e-02
  7.44712991e-02  8.54813940e-01]
x: [   1564.99333333    2808.46          3377.02333333 ... 1474336.7
 1474337.71333333 1474338.29666667]
xp: [  157075.51333333   157104.42         157133.32666667 ...
 14527444.34814815 14527479.38518519 14527514.42222222]
fp.shape: (98910, 2)
i: [    0     1     2 ... 19481 19482 19483]
j: [    0     0     0 ... 11437 11437 11437]
d: [-5.37974585e+03 -5.33672924e+03 -5.31706031e+03 ...  4.40047253e-01
  4.66981689e-01  4.82486710e-01]
x: [1.35806667e+03 1.44272333e+03 1.57733000e+03 ... 1.47427595e+06
 1.47427637e+06 1.47427696e+06]
xp: [  157075.51333333   157104.42         157133.32666667 ...
 14527444.34814815 14527479.38518519 14527514.42222222]
fp.shape: (98910, 2)
i: [    0     1     2 ... 28576 28577 28578]
j: [    0     0     0 ... 11435 11435 11435]
d: [-5.38690429e+03 -5.38397567e+03 -5.37931907e+03 ...  8.25221500e-01
  8.36385115e-01  8.52067336e-01]
x: [7.36066667e+01 1.39740000e+02 3.80353333e+02 ... 1.46624878e+06
 1.47241170e+06 1.47307361e+06]
xp: [  157075.51333333   157104.42         157133.32666667 ...
 14527444.34814815 14527479.38518519 14527514.42222222]
fp.shape: (98910, 2)
i: [   0    1    2 ... 7759 7760 7761]
j: [    0     0     0 ... 11218 11385 11402]
d: [-5.43133902e+03 -5.42905120e+03 -5.42072740e+03 ...  4.06565042e-01
  4.13793102e-03  9.61926872e-01]
x: [3.35000000e+00 4.88333333e+00 6.62666667e+00 ... 1.47434829e+06
 1.47435636e+06 1.47436572e+06]
xp: [  157075.51333333   157104.42         157133.32666667 ...
 14527444.34814815 14527479.38518519 14527514.42222222]
fp.shape: (98910, 2)
i: [     0      1      2 ... 453537 453538 453539]
j: [    0     0     0 ... 11437 11437 11438]
d: [-5.43376949e+03 -5.43371644e+03 -5.43365613e+03 ...  7.48021264e-01
  9.62699350e-01  2.17431269e-01]
x: [   1655.73666667    1656.11          1656.45333333 ... 1473710.92
 1473938.62       1474278.28666667]
xp: [  157075.51333333   157104.42         157133.32666667 ...
 14527444.34814815 14527479.38518519 14527514.42222222]
fp.shape: (98910, 2)
i: [   0    1    2 ... 5653 5654 5655]
j: [    0     0     0 ... 11419 11426 11435]
d: [-5.37660667e+03 -5.37659375e+03 -5.37658187e+03 ...  7.85547397e-01
  1.67426531e-01  8.87418783e-01]
x: [ 162230.01        162230.35666667  178069.36333333 ... 1472334.77333333
 1472336.49       1473717.72333333]
xp: [  157075.51333333   157104.42         157133.32666667 ...
 14527444.34814815 14527479.38518519 14527514.42222222]
fp.shape: (98910, 2)
i: [   0    1    2 ... 1495 1496 1497]
j: [  180   180   732 ... 11382 11382 11419]
d: [0.55037372 0.56249743 0.31747792 ... 0.80875149 0.85774078 0.95585781]
x: [  45695.5          84368.03666667   84369.49666667 ... 1473711.44666667
 1473830.38       1474276.54666667]
xp: [  157075.51333333   157104.42         157133.32666667 ...
 14527444.34814815 14527479.38518519 14527514.42222222]
fp.shape: (98910, 2)
i: [   0    1    2 ... 3361 3362 3363]
j: [    0     0     0 ... 11419 11423 11435]
d: [-3.85309087e+03 -2.51524942e+03 -2.51519892e+03 ...  7.98731642e-01
  4.59763801e-02  8.41169522e-01]
x: [  14842.58         14843.17666667   32689.66333333 ... 1466221.14
 1472334.98333333 1472434.99      ]
xp: [  157075.51333333   157104.42         157133.32666667 ...
 14527444.34814815 14527479.38518519 14527514.42222222]
fp.shape: (98910, 2)
i: [   0    1    2 ... 1719 1720 1721]
j: [    0     0     0 ... 11217 11382 11385]
d: [-4.92041974e+03 -4.92039910e+03 -4.30301603e+03 ...  6.79569474e-01
  8.14744352e-01  6.68680143e-01]
x: [  14119.22333333   14119.93         14246.73666667 ... 1474277.02
 1474278.04666667 1474278.88333333]
xp: [  157075.51333333   157104.42         157133.32666667 ...
 14527444.34814815 14527479.38518519 14527514.42222222]
fp.shape: (98910, 2)
i: [   0    1    2 ... 5814 5815 5816]
j: [    0     0     0 ... 11435 11435 11435]
d: [-4.94544361e+03 -4.94541917e+03 -4.94103240e+03 ...  8.53750738e-01
  8.81039575e-01  9.03278204e-01]
x: [   6141.83666667    6724.85666667   11641.65333333 ... 1473707.75666667
 1473708.33333333 1473709.03666667]
xp: [  157075.51333333   157104.42         157133.32666667 ...
 14527444.34814815 14527479.38518519 14527514.42222222]
fp.shape: (98910, 2)
i: [    0     1     2 ... 13546 13547 13548]
j: [    0     0     0 ... 11419 11419 11419]
d: [-5.22141409e+03 -5.20124504e+03 -5.03115291e+03 ...  7.06358478e-01
  7.20794393e-01  7.38401202e-01]
x: [  22610.37666667   22610.83666667   22611.39       ... 1472470.98666667
 1472501.65666667 1473844.95666667]
xp: [  157075.51333333   157104.42         157133.32666667 ...
 14527444.34814815 14527479.38518519 14527514.42222222]
fp.shape: (98910, 2)
i: [   0    1    2 ... 2403 2404 2405]
j: [    0     0     0 ... 11386 11387 11423]
d: [-4.65169984e+03 -4.65168393e+03 -4.65166478e+03 ...  5.92015824e-01
  3.36567164e-01  4.66341664e-01]
x: [3.66183333e+02 1.41357333e+03 4.41244000e+03 ... 1.47427537e+06
 1.47427567e+06 1.47427621e+06]
xp: [  157075.51333333   157104.42         157133.32666667 ...
 14527444.34814815 14527479.38518519 14527514.42222222]
fp.shape: (98910, 2)
i: [    0     1     2 ... 22580 22581 22582]
j: [    0     0     0 ... 11435 11435 11435]
d: [-5.42121760e+03 -5.38498409e+03 -5.28124101e+03 ...  8.09982280e-01
  8.17956291e-01  8.32220910e-01]
x: [3.84600000e+01 4.54566667e+01 5.18900000e+01 ... 1.47384426e+06
 1.47384540e+06 1.47384576e+06]
xp: [  157075.51333333   157104.42         157133.32666667 ...
 14527444.34814815 14527479.38518519 14527514.42222222]
fp.shape: (98910, 2)
i: [    0     1     2 ... 13125 13126 13127]
j: [    0     0     0 ... 11423 11423 11423]
d: [-5.43255489e+03 -5.43231285e+03 -5.43209029e+03 ...  4.46251030e-01
  4.79126614e-01  4.89412249e-01]
x: [4.16666667e+00 5.93666667e+00 9.61666667e+00 ... 1.47385487e+06
 1.47405275e+06 1.47417856e+06]
xp: [  157075.51333333   157104.42         157133.32666667 ...
 14527444.34814815 14527479.38518519 14527514.42222222]
fp.shape: (98910, 2)
i: [     0      1      2 ... 243931 243932 243933]
j: [    0     0     0 ... 11423 11429 11433]
d: [-5.43374124e+03 -5.43368000e+03 -5.43355270e+03 ...  7.52128536e-01
  4.58829992e-01  8.69678660e-02]
x: [   2579.6           9003.83666667    9004.33666667 ... 1464173.63666667
 1473231.35       1474179.49333333]
xp: [  157075.51333333   157104.42         157133.32666667 ...
 14527444.34814815 14527479.38518519 14527514.42222222]
fp.shape: (98910, 2)
i: [   0    1    2 ... 4618 4619 4620]
j: [    0     0     0 ... 11162 11407 11433]
d: [-5.34464645e+03 -5.12240579e+03 -5.12238849e+03 ...  9.73569102e-01
  3.73590226e-01  1.13787421e-01]
x: [   5042.66333333    5319.37          5340.29666667 ... 1472760.77333333
 1473709.71       1474296.88      ]
xp: [  157075.51333333   157104.42         157133.32666667 ...
 14527444.34814815 14527479.38518519 14527514.42222222]
fp.shape: (98910, 2)
i: [   0    1    2 ... 9180 9181 9182]
j: [    0     0     0 ... 11393 11419 11436]
d: [-5.25943900e+03 -5.24986658e+03 -5.24914264e+03 ...  6.26937601e-01
  7.55257009e-01  3.81630242e-01]
x: [2.10333333e+00 2.68333333e+00 1.11833333e+01 ... 1.47398358e+06
 1.47405283e+06 1.47417168e+06]
xp: [  157075.51333333   157104.42         157133.32666667 ...
 14527444.34814815 14527479.38518519 14527514.42222222]
fp.shape: (98910, 2)
i: [    0     1     2 ... 79212 79213 79214]
j: [    0     0     0 ... 11427 11429 11432]
d: [-5.43381262e+03 -5.43379255e+03 -5.43349850e+03 ...  4.63993408e-01
  4.61040923e-01  8.88560835e-01]
x: [1.49333333e+00 3.95333333e+00 4.80333333e+00 ... 1.47433538e+06
 1.47433725e+06 1.47434269e+06]
xp: [  157075.51333333   157104.42         157133.32666667 ...
 14527444.34814815 14527479.38518519 14527514.42222222]
fp.shape: (98910, 2)
i: [     0      1      2 ... 492440 492441 492442]
j: [    0     0     0 ... 11437 11437 11437]
d: [-5.43383372e+03 -5.43374862e+03 -5.43371921e+03 ...  4.04873006e-01
  4.54666273e-01  5.99173066e-01]
x: [3.12190000e+02 4.50860000e+02 4.51153333e+02 ... 1.47438817e+06
 1.47438860e+06 1.47438941e+06]
xp: [  157075.51333333   157104.42         157133.32666667 ...
 14527444.34814815 14527479.38518519 14527514.42222222]
fp.shape: (98910, 2)
i: [    0     1     2 ... 34818 34819 34820]
j: [    0     0     0 ... 11438 11438 11438]
d: [-5.42308545e+03 -5.41828828e+03 -5.41827814e+03 ...  8.30920835e-01
  8.42580325e-01  8.64806227e-01]
x: [1.56666667e+00 7.78333333e+00 8.87000000e+00 ... 1.47399432e+06
 1.47405173e+06 1.47433036e+06]
xp: [  157075.51333333   157104.42         157133.32666667 ...
 14527444.34814815 14527479.38518519 14527514.42222222]
fp.shape: (98910, 2)
i: [    0     1     2 ... 33909 33910 33911]
j: [    0     0     0 ... 11427 11429 11437]
d: [-5.43383118e+03 -5.43361612e+03 -5.43357853e+03 ...  7.73619885e-01
  4.29222741e-01  2.71529829e-01]
x: [1.39966667e+02 1.60763333e+02 1.95780000e+02 ... 1.47393699e+06
 1.47393756e+06 1.47425157e+06]
xp: [  157075.51333333   157104.42         157133.32666667 ...
 14527444.34814815 14527479.38518519 14527514.42222222]
fp.shape: (98910, 2)
i: [    0     1     2 ... 35656 35657 35658]
j: [    0     0     0 ... 11426 11426 11435]
d: [-5.42904336e+03 -5.42832392e+03 -5.42711255e+03 ...  1.20516342e-01
  1.36858006e-01  1.77288836e-01]
x: [   8898.49         14124.9          14125.93666667 ... 1473577.46666667
 1473937.59333333 1474068.59666667]
xp: [  157075.51333333   157104.42         157133.32666667 ...
 14527444.34814815 14527479.38518519 14527514.42222222]
fp.shape: (98910, 2)
i: [    0     1     2 ... 11841 11842 11843]
j: [    0     0     0 ... 11416 11426 11429]
d: [-5.12605016e+03 -4.94524723e+03 -4.94521137e+03 ...  4.44759680e-01
  1.37819280e-01  9.15723702e-01]
x: [  14778.74         14779.11         15481.64       ... 1455567.78333333
 1472283.59333333 1473712.28      ]
xp: [  157075.51333333   157104.42         157133.32666667 ...
 14527444.34814815 14527479.38518519 14527514.42222222]
fp.shape: (98910, 2)
i: [    0     1     2 ... 13846 13847 13848]
j: [    0     0     0 ... 10930 11381 11419]
d: [-4.92262823e+03 -4.92261543e+03 -4.89831204e+03 ...  8.34270028e-01
  3.61565339e-01  8.19592790e-01]
x: [  15681.80333333   15751.68         16496.62666667 ... 1474337.62333333
 1474338.72333333 1474347.62      ]
xp: [  157075.51333333   157104.42         157133.32666667 ...
 14527444.34814815 14527479.38518519 14527514.42222222]
fp.shape: (98910, 2)
i: [   0    1    2 ... 3798 3799 3800]
j: [    0     0     0 ... 11437 11437 11437]
d: [-4.89138757e+03 -4.88897025e+03 -4.86319949e+03 ...  4.64589486e-01
  4.93827525e-01  7.30301240e-01]
x: [  14777.81         14778.13333333   14778.43666667 ... 1473722.6
 1473723.02       1473844.99      ]
xp: [  157075.51333333   157104.42         157133.32666667 ...
 14527444.34814815 14527479.38518519 14527514.42222222]
fp.shape: (98910, 2)
i: [    0     1     2 ... 16416 16417 16418]
j: [    0     0     0 ... 11420 11420 11423]
d: [-4.92266040e+03 -4.92264922e+03 -4.92263872e+03 ...  7.79372497e-02
  8.84512683e-02  4.67302939e-01]
x: [2.08633333e+01 2.22766667e+01 2.68066667e+01 ... 1.47393544e+06
 1.47393632e+06 1.47417849e+06]
xp: [  157075.51333333   157104.42         157133.32666667 ...
 14527444.34814815 14527479.38518519 14527514.42222222]
fp.shape: (98910, 2)
i: [    0     1     2 ... 12791 12792 12793]
j: [    0     0     0 ... 11426 11426 11433]
d: [-5.43316363e+03 -5.43311474e+03 -5.43295803e+03 ...  7.56248283e-02
  1.01194727e-01  8.47569349e-02]
x: [   3579.79333333    5463.41333333   12294.54       ... 1474241.18666667
 1474241.79333333 1474330.23333333]
xp: [  157075.51333333   157104.42         157133.32666667 ...
 14527444.34814815 14527479.38518519 14527514.42222222]
fp.shape: (98910, 2)
i: [    0     1     2 ... 12148 12149 12150]
j: [    0     0     0 ... 11434 11434 11437]
d: [-5.31004566e+03 -5.24488353e+03 -5.00856688e+03 ...  8.92914035e-01
  9.10409228e-01  2.68163024e-01]
x: [   1568.94333333    2801.5           2803.51       ... 1473938.44666667
 1473938.87       1474024.52      ]
xp: [  157075.51333333   157104.42         157133.32666667 ...
 14527444.34814815 14527479.38518519 14527514.42222222]
fp.shape: (98910, 2)
i: [    0     1     2 ... 28157 28158 28159]
j: [    0     0     0 ... 11426 11426 11428]
d: [-5.37960920e+03 -5.33697002e+03 -5.33690048e+03 ...  1.62427904e-01
  1.74636089e-01  6.44630596e-01]
x: [3.56833333e+01 3.81500000e+01 4.23966667e+01 ... 1.47393729e+06
 1.47393762e+06 1.47438145e+06]
xp: [  157075.51333333   157104.42         157133.32666667 ...
 14527444.34814815 14527479.38518519 14527514.42222222]
fp.shape: (98910, 2)
i: [    0     1     2 ... 29935 29936 29937]
j: [    0     0     0 ... 11426 11426 11438]
d: [-5.43265095e+03 -5.43256561e+03 -5.43241870e+03 ...  1.29071684e-01
  1.38492172e-01  6.47101689e-01]
x: [   6416.59333333    6417.10666667   14100.         ... 1473832.47666667
 1474120.45       1474320.54333333]
xp: [  157075.51333333   157104.42         157133.32666667 ...
 14527444.34814815 14527479.38518519 14527514.42222222]
fp.shape: (98910, 2)
i: [    0     1     2 ... 12650 12651 12652]
j: [    0     0     0 ... 11423 11431 11437]
d: [-5.21190913e+03 -5.21189137e+03 -4.94610863e+03 ...  1.06440538e-01
  4.11082120e-01  1.06024808e-02]
x: [1.48666667e+00 2.43333333e+00 3.19000000e+00 ... 1.47322909e+06
 1.47328546e+06 1.47428638e+06]
xp: [  157075.51333333   157104.42         157133.32666667 ...
 14527444.34814815 14527479.38518519 14527514.42222222]
fp.shape: (98910, 2)
i: [   0    1    2 ... 7246 7247 7248]
j: [    0     0     0 ... 11407 11408 11436]
d: [-5.43383395e+03 -5.43380120e+03 -5.43377502e+03 ...  3.09962406e-01
  8.99342105e-01  1.02539870e-01]
x: [1.71266667e+01 1.77400000e+01 2.84233333e+01 ... 1.47439484e+06
 1.47439518e+06 1.47439561e+06]
xp: [  157075.51333333   157104.42         157133.32666667 ...
 14527444.34814815 14527479.38518519 14527514.42222222]
fp.shape: (98910, 2)
i: [    0     1     2 ... 61218 61219 61220]
j: [    0     0     0 ... 11439 11439 11439]
d: [-5.43329290e+03 -5.43327168e+03 -5.43290210e+03 ...  1.31914541e-02
  2.23004306e-02  3.41421000e-02]
x: [5.86903333e+02 5.87733333e+02 5.88093333e+02 ... 1.47433660e+06
 1.47433696e+06 1.47437429e+06]
xp: [  157075.51333333   157104.42         157133.32666667 ...
 14527444.34814815 14527479.38518519 14527514.42222222]
fp.shape: (98910, 2)
i: [    0     1     2 ... 23999 24000 24001]
j: [    0     0     0 ... 11437 11437 11438]
d: [-5.41358199e+03 -5.41355327e+03 -5.41354082e+03 ...  4.37477850e-01
  4.46869462e-01  4.51531964e-01]
x: [2.96333333e+00 3.35666667e+00 3.74733333e+01 ... 1.47431980e+06
 1.47432007e+06 1.47433979e+06]
xp: [  157075.51333333   157104.42         157133.32666667 ...
 14527444.34814815 14527479.38518519 14527514.42222222]
fp.shape: (98910, 2)
i: [    0     1     2 ... 34164 34165 34166]
j: [    0     0     0 ... 11436 11436 11437]
d: [-5.43378286e+03 -5.43376926e+03 -5.43258902e+03 ...  9.90844654e-01
  9.98021264e-01  5.22090963e-01]
x: [4.00666667e+00 6.89666667e+00 7.81666667e+00 ... 1.47416961e+06
 1.47417466e+06 1.47417840e+06]
xp: [  157075.51333333   157104.42         157133.32666667 ...
 14527444.34814815 14527479.38518519 14527514.42222222]
fp.shape: (98910, 2)
i: [     0      1      2 ... 172845 172846 172847]
j: [    0     0     0 ... 11432 11432 11433]
d: [-5.43374677e+03 -5.43364679e+03 -5.43361497e+03 ...  8.28769569e-01
  9.74306509e-01  8.22576215e-02]
x: [9.05086667e+02 1.56938900e+04 1.57436800e+04 ... 1.47433656e+06
 1.47433919e+06 1.47436627e+06]
xp: [  157075.51333333   157104.42         157133.32666667 ...
 14527444.34814815 14527479.38518519 14527514.42222222]
fp.shape: (98910, 2)
i: [    0     1     2 ... 23830 23831 23832]
j: [    0     0     0 ... 11437 11437 11438]
d: [-5.40257472e+03 -4.89096944e+03 -4.88924700e+03 ...  4.36237448e-01
  5.06231542e-01  2.32278900e-01]
x: [9.99666667e+00 4.66433333e+01 9.79066667e+01 ... 1.47427778e+06
 1.47433985e+06 1.47434128e+06]
xp: [  157075.51333333   157104.42         157133.32666667 ...
 14527444.34814815 14527479.38518519 14527514.42222222]
fp.shape: (98910, 2)
i: [    0     1     2 ... 21369 21370 21371]
j: [    0     0     0 ... 11435 11437 11437]
d: [-5.43353955e+03 -5.43227179e+03 -5.43049839e+03 ...  8.74040165e-01
  5.23685765e-01  5.61695216e-01]
x: [1.37963333e+02 1.38333333e+02 1.39440000e+02 ... 1.47384990e+06
 1.47392684e+06 1.47417939e+06]
xp: [  157075.51333333   157104.42         157133.32666667 ...
 14527444.34814815 14527479.38518519 14527514.42222222]
fp.shape: (98910, 2)
i: [    0     1     2 ... 16795 16796 16797]
j: [    0     0     0 ... 11423 11425 11433]
d: [-5.42911266e+03 -5.42909986e+03 -5.42906158e+03 ...  6.08994782e-01
  8.27616040e-01  1.10711343e-01]
x: [3.13776667e+02 4.70576667e+02 6.18123333e+02 ... 1.47244928e+06
 1.47371047e+06 1.47371114e+06]
xp: [  157075.51333333   157104.42         157133.32666667 ...
 14527444.34814815 14527479.38518519 14527514.42222222]
fp.shape: (98910, 2)
i: [   0    1    2 ... 3370 3371 3372]
j: [    0     0     0 ... 11386 11419 11419]
d: [-5.42303056e+03 -5.41760620e+03 -5.41250196e+03 ...  6.50602410e-02
  7.74282376e-01  7.91138184e-01]
x: [9.03350000e+02 1.14050667e+03 1.30970667e+03 ... 1.47434532e+06
 1.47434608e+06 1.47434733e+06]
xp: [  157075.51333333   157104.42         157133.32666667 ...
 14527444.34814815 14527479.38518519 14527514.42222222]
fp.shape: (98910, 2)
i: [   0    1    2 ... 7470 7471 7472]
j: [    0     0     0 ... 11437 11437 11437]
d: [-5.40263480e+03 -5.39443058e+03 -5.38857726e+03 ...  6.69078559e-01
  6.89367986e-01  7.22504430e-01]
x: [1.40020000e+02 3.91756667e+02 3.92983333e+02 ... 1.47405238e+06
 1.47405296e+06 1.47433979e+06]
xp: [  157075.51333333   157104.42         157133.32666667 ...
 14527444.34814815 14527479.38518519 14527514.42222222]
fp.shape: (98910, 2)
i: [    0     1     2 ... 14381 14382 14383]
j: [    0     0     0 ... 11429 11429 11437]
d: [-5.42904151e+03 -5.42033291e+03 -5.42029048e+03 ...  4.48159846e-01
  4.64789893e-01  5.22090963e-01]
x: [4.70490000e+02 2.64802000e+03 2.83209667e+03 ... 1.47417984e+06
 1.47419655e+06 1.47419685e+06]
xp: [  157075.51333333   157104.42         157133.32666667 ...
 14527444.34814815 14527479.38518519 14527514.42222222]
fp.shape: (98910, 2)
i: [    0     1     2 ... 11029 11030 11031]
j: [    0     0     0 ... 11433 11433 11433]
d: [-5.41760920e+03 -5.34227952e+03 -5.33591155e+03 ...  1.23880802e-01
  6.05671519e-01  6.14322988e-01]
x: [  30749.85333333   30752.12333333   30753.35       ... 1470721.51666667
 1473648.33333333 1473859.01666667]
xp: [  157075.51333333   157104.42         157133.32666667 ...
 14527444.34814815 14527479.38518519 14527514.42222222]
fp.shape: (98910, 2)
i: [    0     1     2 ... 14082 14083 14084]
j: [    0     0     0 ... 11339 11418 11423]
d: [-4.37012200e+03 -4.37004347e+03 -4.37000104e+03 ...  3.17535545e-02
  2.18791722e-01  8.71807196e-01]
x: [   1958.43          2495.13333333    2569.16       ... 1472320.42333333
 1472446.40333333 1473739.38333333]
xp: [  157075.51333333   157104.42         157133.32666667 ...
 14527444.34814815 14527479.38518519 14527514.42222222]
fp.shape: (98910, 2)
i: [    0     1     2 ... 11032 11033 11034]
j: [    0     0     0 ... 11382 11385 11420]
d: [-5.36613526e+03 -5.34756850e+03 -5.34500761e+03 ...  3.99239001e-01
  9.94387634e-01  4.98080774e-01]
x: [5.59666667e+00 6.15333333e+00 8.55666667e+00 ... 1.47435642e+06
 1.47435689e+06 1.47436637e+06]
xp: [  157075.51333333   157104.42         157133.32666667 ...
 14527444.34814815 14527479.38518519 14527514.42222222]
fp.shape: (98910, 2)
i: [     0      1      2 ... 525498 525499 525500]
j: [    0     0     0 ... 11437 11437 11438]
d: [-5.43369177e+03 -5.43367251e+03 -5.43358937e+03 ...  9.64116952e-01
  9.76698169e-01  2.35011593e-01]
x: [   8154.19         35785.69666667   59101.13666667 ... 1474131.82333333
 1474276.92333333 1474284.94666667]
xp: [  157075.51333333   157104.42         157133.32666667 ...
 14527444.34814815 14527479.38518519 14527514.42222222]
fp.shape: (98910, 2)
i: [   0    1    2 ... 5849 5850 5851]
j: [    0     0     0 ... 11431 11435 11436]
d: [-5.15179855e+03 -4.19591155e+03 -3.38933499e+03 ...  7.39068937e-01
  8.51181335e-01  6.44418193e-02]
x: [4.46666667e+00 5.45666667e+00 2.05366667e+01 ... 1.47438011e+06
 1.47438115e+06 1.47438798e+06]
xp: [  157075.51333333   157104.42         157133.32666667 ...
 14527444.34814815 14527479.38518519 14527514.42222222]
fp.shape: (98910, 2)
i: [     0      1      2 ... 572641 572642 572643]
j: [    0     0     0 ... 11438 11438 11438]
d: [-5.43373086e+03 -5.43369661e+03 -5.43317493e+03 ...  6.10665783e-01
  6.39085790e-01  8.25637628e-01]
x: [4.07000000e+00 1.03400000e+01 2.59366667e+01 ... 1.47434842e+06
 1.47435713e+06 1.47436610e+06]
xp: [  157075.51333333   157104.42         157133.32666667 ...
 14527444.34814815 14527479.38518519 14527514.42222222]
fp.shape: (98910, 2)
i: [     0      1      2 ... 328021 328022 328023]
j: [    0     0     0 ... 11437 11437 11438]
d: [-5.43374458e+03 -5.43352768e+03 -5.43298812e+03 ...  7.51476669e-01
  9.83077377e-01  2.27724412e-01]
x: [1.28433333e+01 1.94466667e+01 2.00100000e+01 ... 1.47431292e+06
 1.47433498e+06 1.47434519e+06]
xp: [  157075.51333333   157104.42         157133.32666667 ...
 14527444.34814815 14527479.38518519 14527514.42222222]
fp.shape: (98910, 2)
i: [     0      1      2 ... 312162 312163 312164]
j: [    0     0     0 ... 11436 11437 11437]
d: [-5.43344107e+03 -5.43321264e+03 -5.43319315e+03 ...  8.08062611e-01
  3.94418193e-01  6.65623154e-01]
x: [   2312.08333333    3224.52666667    3686.68666667 ... 1473842.54
 1473843.01       1473845.05333333]
xp: [  157075.51333333   157104.42         157133.32666667 ...
 14527444.34814815 14527479.38518519 14527514.42222222]
fp.shape: (98910, 2)
i: [    0     1     2 ... 16384 16385 16386]
j: [    0     0     0 ... 11423 11423 11423]
d: [-5.35390095e+03 -5.32233579e+03 -5.30634779e+03 ...  3.96649272e-01
  4.10203241e-01  4.69129360e-01]
x: [   8130.72666667   14676.41666667   14686.23666667 ... 1472350.04333333
 1473693.82       1474277.53      ]
xp: [  157075.51333333   157104.42         157133.32666667 ...
 14527444.34814815 14527479.38518519 14527514.42222222]
fp.shape: (98910, 2)
i: [   0    1    2 ... 3870 3871 3872]
j: [    0     0     0 ... 11383 11419 11435]
d: [-5.15261024e+03 -4.92616801e+03 -4.92582830e+03 ...  2.44518430e-01
  3.57476636e-01  8.67306556e-01]
x: [   8132.07666667   15342.85         16009.01333333 ... 1473694.95
 1473695.34666667 1473937.68666667]
xp: [  157075.51333333   157104.42         157133.32666667 ...
 14527444.34814815 14527479.38518519 14527514.42222222]
fp.shape: (98910, 2)
i: [   0    1    2 ... 4491 4492 4493]
j: [    0     0     0 ... 11419 11419 11426]
d: [-5.15256354e+03 -4.90311335e+03 -4.88006804e+03 ...  3.85764352e-01
  3.95694259e-01  1.40510849e-01]
x: [  14182.98         20299.46666667   20615.67666667 ... 1473938.37666667
 1473938.82666667 1474277.18333333]
xp: [  157075.51333333   157104.42         157133.32666667 ...
 14527444.34814815 14527479.38518519 14527514.42222222]
fp.shape: (98910, 2)
i: [   0    1    2 ... 4341 4342 4343]
j: [    0     0     0 ... 11426 11426 11435]
d: [-4.94323801e+03 -4.73164368e+03 -4.72070468e+03 ...  1.60409228e-01
  1.73386432e-01  8.58092144e-01]
x: [   2813.65333333   11651.53666667   11651.98666667   12885.49666667
   12886.02         20651.85333333  184578.24666667  184579.04666667
  217854.38        217854.88333333  219155.79        222975.9
  224164.71666667  224377.48666667  245573.49333333  254315.74666667
  262662.35        262665.22        263040.19666667  264586.87666667
  264791.95666667  264854.11        266126.61333333  266342.00333333
  267405.75666667  268122.          269263.35666667  272865.41333333
  302674.04333333  303509.78        303727.22333333  310157.92
  329457.47666667  329759.80333333  329815.25333333  337771.32666667
  338325.78333333  338582.98666667  345659.87333333  347266.3
  350765.94        352108.48        354045.80333333  354056.98666667
  354059.90333333  364729.52333333  364881.50666667  364882.56
  375475.31666667  381942.36666667  427626.15666667  430467.35333333
  430467.81        430469.37333333  430905.41333333  447691.60333333
  449775.90333333  450313.08        493153.66666667  493327.71
  495719.04333333  495719.68        504989.97666667  529816.99666667
  530913.24        531384.27333333  552917.12        552918.77
  552919.14        564003.81        566401.61666667  567978.37666667
  570692.81        571767.92        571768.3         571774.47333333
  572962.06666667  573013.41333333  574077.07666667  574597.5
  574715.43333333  574716.19333333  578566.93333333  580192.27
  580564.36666667  580565.29        582901.51        586459.26333333
  586562.04        593631.16333333  593632.37666667  600728.64
  602472.34666667  605913.23        610612.8         613035.84666667
  614932.32666667  615967.20333333  616472.93        616889.36333333
  620114.48        627628.53333333  632724.29333333  632808.51666667
  633763.74        642319.37333333  642924.67666667  647294.32333333
  647329.25        647399.63333333  648530.57333333  648813.23
  649310.54333333  649310.93666667  650033.15333333  650033.62666667
  650034.03333333  650709.45666667  650709.85666667  650710.25
  651419.85        651420.34        652277.67        653138.43
  653296.49333333  653298.12        653420.57666667  653421.40666667
  653422.7         655298.92333333  655299.54666667  655415.25333333
  656118.15333333  656118.69666667  656200.09333333  656201.27
  656284.36666667  656297.74        656298.16333333  656633.
  656796.65        657506.75        657694.63        657695.04333333
  658003.75333333  658004.85333333  658012.86        658192.58
  658193.65666667  658648.44333333  658785.49666667  659159.6
  659160.22333333  659444.48        659445.11333333  660169.72
  660449.7         661879.86        661954.7         661955.74666667
  661956.10333333  661980.61333333  662910.22        662926.12
  667977.93333333  669007.98333333  669008.89666667  669064.13
  669064.65666667  670168.36        670337.39333333  670337.81666667
  670578.43333333  670578.85666667  670579.32666667  670580.31
  673240.93        673241.59333333  673241.96666667  673722.04
  673722.98        673723.49666667  674057.34        674057.89333333
  674266.52666667  674535.99333333  674536.83333333  674537.26
  675203.35333333  676145.01666667  676152.76666667  676153.27333333
  676739.05333333  676739.65666667  676740.08        676791.77333333
  677521.39666667  678797.64333333  678798.19333333  679844.85666667
  679845.3         679997.69333333  681467.28        681467.7
  681468.17666667  681634.29666667  682301.12666667  682301.76333333
  682334.98333333  682335.39666667  682577.88        682580.03
  683778.48333333  683778.88666667  684044.28333333  684620.71333333
  684822.98333333  685047.85333333  685930.74666667  686354.73333333
  687147.17666667  689684.95        691147.03        691148.34
  692840.49        692840.99        692845.72333333  694694.31666667
  694957.93333333  694959.95        694960.85        695297.56
  695401.41666667  696037.67666667  696914.67666667  697226.36666667
  697367.56666667  697368.12333333  698790.18        698984.31
  699317.88333333  699682.41666667  699682.84333333  700112.65
  700113.14666667  700114.07333333  700555.15333333  700555.77666667
  700659.49        707743.55        714471.83333333  716252.55
  719153.41        720584.98333333  723215.53        727295.74333333
  728320.73666667  729449.48333333  729449.90666667  730225.94
  730226.91333333  730266.30666667  734042.70666667  738312.30333333
  738312.75666667  738313.2         738313.86666667  739383.08
  741283.52        741945.49666667  742706.25        742711.47
  749724.15333333  749838.37666667  750175.48        752963.33666667
  754611.69        754669.5         755583.35333333  755584.40666667
  756422.67333333  757162.52666667  758826.38666667  758826.90666667
  759207.35        760616.28666667  788660.86333333  820140.31666667
  824996.79        897799.79        900888.20666667  903467.01333333
  903826.92        903940.42333333  905583.25        908497.71
  908598.65        912630.37666667  951663.95666667  964467.03666667
  972045.58       1011577.4        1012555.10666667 1012556.22666667
 1013240.45333333 1016193.62       1019548.19333333 1020317.99333333
 1020483.25333333 1021619.10666667 1022006.60666667 1022008.69
 1022586.25       1022906.26666667 1023674.89       1025671.48333333
 1026214.4        1026800.02       1030123.71666667 1030164.59
 1032698.95666667 1032726.34666667 1032764.24666667 1033085.75666667
 1033086.26       1033111.20333333 1033251.23       1033749.64666667
 1034562.2        1034645.65666667 1035193.53       1035260.81333333
 1035261.31       1035268.58       1044556.79666667 1084051.68666667
 1089964.16666667 1090028.99666667 1090052.5        1093277.77
 1121106.76666667 1143412.69666667 1155129.55666667 1162099.95
 1162783.58       1162783.97333333 1162784.81       1165595.05666667
 1165785.79666667 1166547.24333333 1167941.27333333 1169047.82666667
 1171806.94       1173177.14666667 1179435.89333333 1179516.74333333
 1186811.66666667 1187136.17       1187808.06333333 1187808.53
 1197070.34666667 1200300.47333333 1202365.12333333 1202365.48333333
 1202866.84666667 1202870.67       1205400.86       1206284.03666667
 1207942.43333333 1209805.82666667 1210111.83       1210795.83333333
 1212282.18666667 1212285.38666667 1214269.72666667 1214295.81666667
 1214752.85666667 1214902.09333333 1214902.52666667 1216188.99
 1216253.43       1216266.96333333 1217743.88       1218126.12
 1218887.18333333 1218887.76333333 1219746.81666667 1219759.94666667
 1219760.31333333 1221273.87666667 1221979.23       1222515.96666667
 1222516.57666667 1225062.07333333 1227329.00333333 1227330.00333333
 1227330.64       1227658.20666667 1227658.95       1227983.35666667
 1228264.68       1228265.27666667 1229301.04333333 1229330.49
 1229331.76333333 1229847.36333333 1230033.66333333 1231936.12333333
 1231938.18       1232086.57666667 1232087.54333333 1233339.57666667
 1233339.95       1233652.00333333 1233944.55666667 1236090.44666667
 1236091.14       1236143.95666667 1236503.12       1237440.26
 1237442.35666667 1238361.70333333 1238362.29666667 1240320.50333333
 1240320.96333333 1240429.03       1240867.91       1240872.45666667
 1242928.29333333 1242983.24       1247256.87333333 1248230.71333333
 1249204.35666667 1249306.50333333 1249307.48       1250186.77
 1250187.14333333 1250187.80666667 1250199.23       1251761.99
 1251877.80666667 1252910.24333333 1253690.45       1253715.14666667
 1254009.05333333 1254029.47666667 1254065.15666667 1254812.64
 1254816.4        1255498.89666667 1256496.38       1256813.29
 1257085.16       1257085.57333333 1259149.31       1259279.71666667
 1334111.40333333 1352975.01666667 1369425.47333333 1370711.98333333
 1370712.39       1371348.42666667 1371349.33666667 1371645.98
 1371646.43       1375166.64333333 1375167.21333333 1375603.43666667
 1388663.50333333 1388746.17333333 1389716.15333333 1390828.48333333
 1392172.32666667 1392194.35       1393624.77       1393804.68333333
 1395317.86       1395621.96666667 1415230.14       1427291.57
 1427295.31333333 1428563.83333333 1430660.97333333 1454413.66666667
 1454414.52333333 1472516.89333333]
xp: [  157075.51333333   157104.42         157133.32666667 ...
 14527444.34814815 14527479.38518519 14527514.42222222]
fp.shape: (98910, 2)
i: [  0   1   2   3   4   5   6   7   8   9  10  11  12  13  14  15  16  17
  18  19  20  21  22  23  24  25  26  27  28  29  30  31  32  33  34  35
  36  37  38  39  40  41  42  43  44  45  46  47  48  49  50  51  52  53
  54  55  56  57  58  59  60  61  62  63  64  65  66  67  68  69  70  71
  72  73  74  75  76  77  78  79  80  81  82  83  84  85  86  87  88  89
  90  91  92  93  94  95  96  97  98  99 100 101 102 103 104 105 106 107
 108 109 110 111 112 113 114 115 116 117 118 119 120 121 122 123 124 125
 126 127 128 129 130 131 132 133 134 135 136 137 138 139 140 141 142 143
 144 145 146 147 148 149 150 151 152 153 154 155 156 157 158 159 160 161
 162 163 164 165 166 167 168 169 170 171 172 173 174 175 176 177 178 179
 180 181 182 183 184 185 186 187 188 189 190 191 192 193 194 195 196 197
 198 199 200 201 202 203 204 205 206 207 208 209 210 211 212 213 214 215
 216 217 218 219 220 221 222 223 224 225 226 227 228 229 230 231 232 233
 234 235 236 237 238 239 240 241 242 243 244 245 246 247 248 249 250 251
 252 253 254 255 256 257 258 259 260 261 262 263 264 265 266 267 268 269
 270 271 272 273 274 275 276 277 278 279 280 281 282 283 284 285 286 287
 288 289 290 291 292 293 294 295 296 297 298 299 300 301 302 303 304 305
 306 307 308 309 310 311 312 313 314 315 316 317 318 319 320 321 322 323
 324 325 326 327 328 329 330 331 332 333 334 335 336 337 338 339 340 341
 342 343 344 345 346 347 348 349 350 351 352 353 354 355 356 357 358 359
 360 361 362 363 364 365 366 367 368 369 370 371 372 373 374 375 376 377
 378 379 380 381 382 383 384 385 386 387 388 389 390 391 392 393 394 395
 396 397 398 399 400 401 402 403 404 405 406 407 408 409 410 411 412 413
 414 415 416 417 418 419 420 421 422 423 424 425 426 427 428 429 430 431
 432 433 434 435 436 437 438 439 440 441 442 443 444 445 446 447 448 449
 450 451 452 453 454 455 456 457 458 459 460 461 462 463 464 465 466 467
 468 469 470 471 472 473 474 475 476 477 478 479 480 481 482 483 484 485]
j: [    0     0     0     0     0     0   960   960  1024  1024  1024  1024
  1024  1024  1024  1024  1024  1024  1024  1024  1024  1024  1024  1024
  1024  1024  1024  1024  1024  1024  1024  1071  1572  1579  1581  1792
  1806  1813  1995  2038  2078  2078  2078  2078  2078  2078  2078  2078
  2078  2078  2078  2078  2078  2078  2078  2078  2078  2078  2078  2078
  2078  2078  2078  2078  2078  2078  2078  2078  2078  2078  2078  2078
  2078  2078  2078  2078  2078  2078  2078  2078  2078  2078  2078  2078
  2078  2078  2078  2078  2078  2078  2078  2078  2078  2078  2078  2078
  2078  2078  2078  2078  2078  2078  2078  2078  2078  2078  2078  2078
  2078  2078  2078  2078  2078  2078  2078  2078  2078  2078  2078  2078
  2078  2078  2078  2078  2078  2078  2078  2078  2078  2078  2078  2078
  2078  2078  2078  2078  2078  2078  2078  2078  2078  2078  2078  2078
  2078  2078  2078  2078  2078  2078  2078  2078  2078  2078  2078  2078
  2078  2078  2078  2078  2078  2078  2078  2078  2174  2203  2203  2204
  2204  2232  2236  2236  2242  2242  2242  2242  2309  2309  2309  2322
  2322  2322  2329  2329  2333  2340  2340  2340  2359  2382  2383  2383
  2398  2398  2398  2400  2418  2451  2451  2478  2478  2482  2520  2520
  2520  2525  2542  2542  2543  2543  2549  2549  2581  2581  2588  2604
  2609  2615  2636  2646  2667  2735  2773  2773  2815  2815  2815  2862
  2869  2869  2869  2878  2880  2895  2917  2924  2927  2927  2964  2970
  2979  2988  2988  3000  3000  3000  3011  3011  3014  3204  3378  3423
  3498  3535  3601  3715  3742  3773  3773  3793  3793  3794  3891  4004
  4004  4004  4004  4033  4085  4104  4124  4124  4313  4315  4325  4395
  4437  4438  4461  4461  4483  4502  4548  4548  4558  4594  5324  6142
  6274  6294  6294  6294  6294  6294  6294  6294  6294  6294  6294  6294
  6294  6294  6294  6294  6294  6294  6294  6294  6294  6294  6294  6294
  6294  6294  6294  6294  6294  6294  6294  6294  6294  6294  6294  6294
  6294  6294  6294  6294  6294  6294  6294  6294  6294  6294  6294  6853
  7014  7015  7016  7103  7413  7413  7413  7413  7413  7413  7413  7413
  7413  7413  7413  7413  7413  7413  7413  7413  7413  7413  7413  7413
  7413  7413  7413  7413  7413  7413  7413  7413  7413  7413  7413  7413
  7413  7413  7413  7413  7413  7413  7413  7413  7413  7413  7413  7413
  7413  7413  7413  7413  7413  7413  7413  7413  7413  7413  7413  7413
  7413  7413  7413  7413  7413  7413  7413  7413  7413  7413  7413  7413
  7413  7413  7413  7413  7413  7413  7413  7413  7413  7413  7413  7413
  7413  7413  7413  7413  7413  7413  7413  7413  7413  7413  7413  7413
  7413  7413  7413  7413  7413  7413  7413  7413  7413  7413  7413  7413
  7413  7413  7413  7413  7413  7413  7413  7413  7413  7413  7413  7413
  7642  8160  8603  8636  8636  8652  8652  8660  8660  8757  8757  8768
  9118  9120  9145  9175  9213  9214  9254  9258  9298  9305  9835 10163
 10163 10198 10256 10900 10900 11387]
d: [-5.33654958e+03 -5.03081100e+03 -5.03079543e+03 -4.98812327e+03
 -4.98810517e+03 -4.71945318e+03  3.42411518e-01  3.71205759e-01
  2.57598294e-01  2.57602420e-01  2.68264930e-01  2.99575373e-01
  3.09319170e-01  3.11063079e-01  4.84790106e-01  5.56443494e-01
  6.24854049e-01  6.24877572e-01  6.27950962e-01  6.40627884e-01
  6.42308763e-01  6.42818185e-01  6.53247896e-01  6.55013279e-01
  6.63732030e-01  6.69602514e-01  6.78957319e-01  7.08480550e-01
  9.52798490e-01  9.59648367e-01  9.61430579e-01  1.93403298e-01
  3.16380783e-01  8.90497419e-01  6.14265603e-02  9.26482213e-02
  9.30158269e-01  7.07915802e-01  9.47791040e-01  7.41275572e-01
  6.38369031e-03  1.06401602e-02  1.67823671e-02  1.68178234e-02
  1.68270706e-02  5.06546783e-02  5.11365354e-02  5.11398750e-02
  8.47237905e-02  1.05227316e-01  2.50065963e-01  2.59073865e-01
  2.59075313e-01  2.59080269e-01  2.60462717e-01  3.13682667e-01
  3.20290858e-01  3.21993955e-01  4.57818339e-01  4.58370136e-01
  4.65951764e-01  4.65953782e-01  4.95344891e-01  5.74057975e-01
  5.77533571e-01  5.79026963e-01  6.47296001e-01  6.47301232e-01
  6.47302405e-01  6.82445912e-01  6.90048064e-01  6.95047119e-01
  7.03653122e-01  7.07061716e-01  7.07062920e-01  7.07082493e-01
  7.10847710e-01  7.11010503e-01  7.14382805e-01  7.16032787e-01
  7.16406690e-01  7.16409100e-01  7.28617718e-01  7.33770784e-01
  7.34950502e-01  7.34953429e-01  7.42360322e-01  7.53640038e-01
  7.53965887e-01  7.76378263e-01  7.76382110e-01  7.98880532e-01
  8.04408885e-01  8.15318069e-01  8.30217869e-01  8.37900043e-01
  8.43912758e-01  8.47193793e-01  8.48797180e-01  8.50117465e-01
  8.60342570e-01  8.84165578e-01  9.00321483e-01  9.00588510e-01
  9.03617008e-01  9.30742305e-01  9.32661395e-01  9.46515186e-01
  9.46625920e-01  9.46849068e-01  9.50434668e-01  9.51330820e-01
  9.52907532e-01  9.52908779e-01  9.55198539e-01  9.55200039e-01
  9.55201329e-01  9.57342731e-01  9.57344000e-01  9.57345247e-01
  9.59595005e-01  9.59596559e-01  9.62314690e-01  9.65043695e-01
  9.65544829e-01  9.65549986e-01  9.65938230e-01  9.65940862e-01
  9.65944962e-01  9.71893454e-01  9.71895430e-01  9.72262273e-01
  9.74490790e-01  9.74492513e-01  9.74750578e-01  9.74754308e-01
  9.75017763e-01  9.75060162e-01  9.75061505e-01  9.76123091e-01
  9.76641937e-01  9.78893281e-01  9.79488947e-01  9.79490257e-01
  9.80469010e-01  9.80472498e-01  9.80497882e-01  9.81067678e-01
  9.81071091e-01  9.82512974e-01  9.82947496e-01  9.84133576e-01
  9.84135553e-01  9.85036777e-01  9.85038785e-01  9.87336122e-01
  9.88223787e-01  9.92758053e-01  9.92995330e-01  9.92998649e-01
  9.92999779e-01  9.93077487e-01  9.96024768e-01  9.96075179e-01
  9.87712418e-01  1.80725676e-01  2.06055003e-01  7.37832216e-01
  7.52438179e-01  3.97651204e-01  8.64180857e-01  8.75366999e-01
  8.49970114e-01  8.61356844e-01  8.73998805e-01  9.00448296e-01
  5.72091440e-01  5.89513619e-01  5.99319066e-01  5.56789069e-02
  7.97608881e-02  9.29974381e-02  3.52835979e-01  3.64253968e-01
  6.69386243e-01  2.96745763e-01  3.22372881e-01  3.35389831e-01
  7.75408971e-01  9.74589611e-01  1.83719361e-01  1.97391500e-01
  8.83615819e-01  9.00262778e-01  9.11943240e-01  3.38247274e-01
  3.74501669e-01  4.77247088e-01  4.92960223e-01  6.11166418e-01
  6.22200100e-01  4.14965986e-01  9.67916606e-01  9.78862024e-01
  9.91284204e-01  4.29452852e-01  3.72514580e-01  3.89550600e-01
  2.78456261e-01  2.89516295e-01  7.77921098e-01  8.35451115e-01
  6.64867110e-01  6.74916944e-01  6.24793797e-01  3.76684430e-01
  9.92887029e-01  1.97772407e-01  3.47784722e-01  8.30751794e-01
  7.10769313e-01  5.97043952e-02  4.35654513e-01  4.70890616e-01
  1.91322467e-01  2.03947693e-01  3.23466497e-01  9.11772417e-02
  1.79956427e-01  2.32679739e-01  2.56209150e-01  5.90849673e-02
  7.74291939e-01  9.64364962e-01  8.39952812e-02  4.04694377e-01
  8.29308909e-01  8.43213988e-01  8.37543723e-01  4.96210649e-01
  5.83403538e-01  7.20451795e-01  7.30778540e-01  5.10427301e-02
  6.40805017e-02  8.84060085e-02  6.61622210e-01  6.76891671e-01
  2.17501361e-01  9.15327145e-01  5.09877978e-01  6.32945736e-01
  3.55652584e-01  5.00748844e-01  9.97067865e-01  5.67137005e-02
  9.77753145e-01  2.12923316e-01  2.22810432e-01  2.16714150e-01
  2.44444444e-01  3.66761633e-01  8.50149432e-01  5.23021060e-01
  5.42774147e-01  5.62091503e-01  5.91140160e-01  6.58916545e-01
  7.14313124e-01  7.93755913e-02  7.62927257e-01  9.00175285e-01
  1.29399368e-02  9.01622761e-01  6.22346996e-01  3.26699783e-01
  4.51668870e-01  8.84500991e-01  1.40426759e-01  1.63206459e-01
  4.19294653e-01  9.80235294e-01  9.03719008e-01  9.17532468e-01
  8.19755171e-01  5.82893710e-01  6.13380427e-01  7.66096579e-01
  3.68209083e-01  3.03234038e-01  3.16236050e-01  3.27092639e-01
  3.28607820e-01  3.29085661e-01  3.36001843e-01  3.48271509e-01
  3.48696459e-01  3.65669737e-01  5.29998289e-01  5.83898331e-01
  6.15803451e-01  7.82229558e-01  7.86345633e-01  7.86350348e-01
  7.89230893e-01  8.01663511e-01  8.15786022e-01  8.19026825e-01
  8.19722557e-01  8.24504418e-01  8.26135765e-01  8.26144536e-01
  8.28576021e-01  8.29923268e-01  8.33159117e-01  8.41564631e-01
  8.43850271e-01  8.46315689e-01  8.60308212e-01  8.60480285e-01
  8.71149786e-01  8.71265096e-01  8.71424652e-01  8.72778186e-01
  8.72780305e-01  8.72885315e-01  8.73474817e-01  8.75573115e-01
  8.78993906e-01  8.79345252e-01  8.81651760e-01  8.81935018e-01
  8.81937108e-01  8.81967715e-01  9.21070436e-01  1.95522533e-03
  4.31897555e-01  7.56362217e-01  3.06791569e-01  5.35828877e-02
  7.48340010e-02  1.75752473e-01  2.28762933e-01  2.60299006e-01
  2.63391946e-01  2.63393726e-01  2.63397511e-01  2.76111879e-01
  2.76974842e-01  2.80419846e-01  2.86726841e-01  2.91733208e-01
  3.04216234e-01  3.10415445e-01  3.38731823e-01  3.39097612e-01
  3.72101953e-01  3.73570099e-01  3.76609939e-01  3.76612050e-01
  4.18515185e-01  4.33129211e-01  4.42470284e-01  4.42471913e-01
  4.44740226e-01  4.44757524e-01  4.56204834e-01  4.60200581e-01
  4.67703646e-01  4.76134176e-01  4.77518624e-01  4.80613252e-01
  4.87337944e-01  4.87352422e-01  4.96330149e-01  4.96448188e-01
  4.98515969e-01  4.99191159e-01  4.99193119e-01  5.05013451e-01
  5.05304996e-01  5.05366225e-01  5.12048223e-01  5.13777587e-01
  5.17220857e-01  5.17223482e-01  5.21110087e-01  5.21169491e-01
  5.21171150e-01  5.28018948e-01  5.31210170e-01  5.33638522e-01
  5.33641282e-01  5.45157844e-01  5.55414090e-01  5.55418615e-01
  5.55421495e-01  5.56903501e-01  5.56906864e-01  5.58374574e-01
  5.59647362e-01  5.59650061e-01  5.64336169e-01  5.64469394e-01
  5.64475155e-01  5.66807879e-01  5.67650754e-01  5.76258032e-01
  5.76267337e-01  5.76938727e-01  5.76943100e-01  5.82607661e-01
  5.82609350e-01  5.84021169e-01  5.85344765e-01  5.95053391e-01
  5.95056528e-01  5.95295486e-01  5.96920445e-01  6.01160337e-01
  6.01169823e-01  6.05329213e-01  6.05331897e-01  6.14191390e-01
  6.14193471e-01  6.14682396e-01  6.16668016e-01  6.16688586e-01
  6.25989785e-01  6.26238380e-01  6.45573532e-01  6.49979465e-01
  6.54384509e-01  6.54846650e-01  6.54851069e-01  6.58829231e-01
  6.58830920e-01  6.58833921e-01  6.58885604e-01  6.65955981e-01
  6.66479969e-01  6.71151011e-01  6.74680892e-01  6.74792626e-01
  6.76122345e-01  6.76214746e-01  6.76376173e-01  6.79758003e-01
  6.79775015e-01  6.82862827e-01  6.87375730e-01  6.88809522e-01
  6.90039540e-01  6.90041410e-01  6.99378351e-01  6.99968349e-01
  7.21700953e-01  9.34165232e-01  3.51518692e-01  3.53734092e-01
  3.63948426e-01  7.14115266e-01  7.37381485e-01  6.53964558e-01
  6.66188074e-01  1.05241020e-01  1.19626483e-01  3.15419613e-01
  3.57420091e-01  6.13928216e-01  4.18675672e-01  9.86998555e-01
  3.59419539e-01  1.13593335e-03  1.02894136e-01  6.39187962e-01
  2.53421155e-01  7.64830784e-01  6.84239685e-01  7.86699220e-01
  8.93098171e-01  9.06499430e-01  4.79084507e-01  2.39631336e-01
  2.61164642e-01  7.06455673e-01]
x: [  27346.84         66930.67333333   67319.65666667 ... 1472516.7
 1472517.27333333 1474052.52666667]
xp: [  157075.51333333   157104.42         157133.32666667 ...
 14527444.34814815 14527479.38518519 14527514.42222222]
fp.shape: (98910, 2)
i: [    0     1     2 ... 19997 19998 19999]
j: [    0     0     0 ... 11387 11387 11429]
d: [-4.48784617e+03 -3.11847924e+03 -3.10502272e+03 ...  7.01762273e-01
  7.15680633e-01  4.52293326e-01]
x: [  14164.16666667   14674.29666667   14674.77333333 ... 1473709.16666667
 1473709.67666667 1473710.34      ]
xp: [  157075.51333333   157104.42         157133.32666667 ...
 14527444.34814815 14527479.38518519 14527514.42222222]
fp.shape: (98910, 2)
i: [   0    1    2 ... 8557 8558 8559]
j: [    0     0     0 ... 11419 11419 11419]
d: [-4.94388884e+03 -4.92624135e+03 -4.92622486e+03 ...  7.41655541e-01
  7.54422563e-01  7.71028037e-01]
x: [1.08333333e+00 4.37666667e+00 4.93666667e+00 ... 1.47435589e+06
 1.47436614e+06 1.47438222e+06]
xp: [  157075.51333333   157104.42         157133.32666667 ...
 14527444.34814815 14527479.38518519 14527514.42222222]
fp.shape: (98910, 2)
i: [     0      1      2 ... 746152 746153 746154]
j: [    0     0     0 ... 11437 11438 11438]
d: [-5.43384790e+03 -5.43373397e+03 -5.43371460e+03 ...  9.50029533e-01
  2.28726399e-01  6.68143425e-01]
x: [  32748.03         32750.44         32754.6        ... 1472333.42666667
 1472333.98666667 1472334.49      ]
xp: [  157075.51333333   157104.42         157133.32666667 ...
 14527444.34814815 14527479.38518519 14527514.42222222]
fp.shape: (98910, 2)
i: [   0    1    2 ... 5969 5970 5971]
j: [    0     0     0 ... 11382 11382 11382]
d: [-4.30099689e+03 -4.30091351e+03 -4.30076960e+03 ...  7.70321046e-01
  7.86302021e-01  8.00665874e-01]
x: [   2807.93666667    3625.52666667    5187.88333333 ... 1473861.95
 1474285.27666667 1474286.68333333]
xp: [  157075.51333333   157104.42         157133.32666667 ...
 14527444.34814815 14527479.38518519 14527514.42222222]
fp.shape: (98910, 2)
i: [    0     1     2 ... 22581 22582 22583]
j: [    0     0     0 ... 11423 11436 11436]
d: [-5.33674735e+03 -5.30846356e+03 -5.25441524e+03 ...  9.56399341e-01
  7.32132309e-02  1.10602481e-01]
x: [   8552.49          8554.25666667    8555.11666667 ... 1457110.94666667
 1457114.27       1457115.19      ]
xp: [  157075.51333333   157104.42         157133.32666667 ...
 14527444.34814815 14527479.38518519 14527514.42222222]
fp.shape: (98910, 2)
i: [   0    1    2 ... 4542 4543 4544]
j: [    0     0     0 ... 10971 10971 10971]
d: [-5.13801972e+03 -5.13795860e+03 -5.13792885e+03 ...  6.76666667e-01
  7.45902778e-01  7.65069444e-01]
x: [   3388.56          5380.51         19325.70666667 ... 1473823.33
 1473852.52333333 1473867.23333333]
xp: [  157075.51333333   157104.42         157133.32666667 ...
 14527444.34814815 14527479.38518519 14527514.42222222]
fp.shape: (98910, 2)
i: [   0    1    2 ... 8187 8188 8189]
j: [    0     0     0 ... 11422 11423 11424]
d: [-5.31666121e+03 -5.24775150e+03 -4.76533003e+03 ...  8.42666850e-01
  6.84550948e-01  1.08761329e-01]
x: [   2545.12          7124.           11695.87       ... 1457064.22666667
 1457104.79666667 1459268.66333333]
xp: [  157075.51333333   157104.42         157133.32666667 ...
 14527444.34814815 14527479.38518519 14527514.42222222]
fp.shape: (98910, 2)
i: [   0    1    2 ... 4716 4717 4718]
j: [    0     0     0 ... 10970 10971 11029]
d: [-5.34583925e+03 -5.18743704e+03 -5.02927733e+03 ...  7.03333333e-01
  5.48541667e-01  2.77344288e-01]
x: [  16821.74         16824.62333333   16825.69666667 ... 1395918.65666667
 1395972.75666667 1457004.53      ]
xp: [  157075.51333333   157104.42         157133.32666667 ...
 14527444.34814815 14527479.38518519 14527514.42222222]
fp.shape: (98910, 2)
i: [   0    1    2 ... 1366 1367 1368]
j: [    0     0     0 ...  9313  9314 10969]
d: [-4.85195249e+03 -4.85185274e+03 -4.85181561e+03 ...  9.30493565e-02
  4.29314902e-01  3.20238789e-01]
x: [7.32916667e+02 1.02062000e+03 1.02155000e+03 ... 1.47386591e+06
 1.47386637e+06 1.47386777e+06]
xp: [  157075.51333333   157104.42         157133.32666667 ...
 14527444.34814815 14527479.38518519 14527514.42222222]
fp.shape: (98910, 2)
i: [    0     1     2 ... 11043 11044 11045]
j: [    0     0     0 ... 11424 11424 11424]
d: [-5.40853079e+03 -5.39857795e+03 -5.39854578e+03 ...  7.05987366e-02
  8.39604504e-02  1.24141719e-01]
x: [1.37763333e+02 1.38226667e+02 1.38853333e+02 ... 1.46770954e+06
 1.46771038e+06 1.46788768e+06]
xp: [  157075.51333333   157104.42         157133.32666667 ...
 14527444.34814815 14527479.38518519 14527514.42222222]
fp.shape: (98910, 2)
i: [   0    1    2 ... 1453 1454 1455]
j: [    0     0     0 ... 11258 11258 11261]
d: [-5.42911958e+03 -5.42910355e+03 -5.42908187e+03 ...  1.28111132e-02
  3.23364847e-02  9.80500596e-01]
x: [1.00000000e+00 3.36333333e+00 2.54700000e+01 ... 1.47251500e+06
 1.47251564e+06 1.47251618e+06]
xp: [  157075.51333333   157104.42         157133.32666667 ...
 14527444.34814815 14527479.38518519 14527514.42222222]
fp.shape: (98910, 2)
i: [   0    1    2 ... 9856 9857 9858]
j: [    0     0     0 ... 11387 11387 11387]
d: [-5.43385078e+03 -5.43376903e+03 -5.43300427e+03 ...  6.60573638e-01
  6.75948570e-01  6.89219565e-01]
x: [3.38536667e+02 3.39226667e+02 5.15570000e+02 ... 1.47372740e+06
 1.47373339e+06 1.47373721e+06]
xp: [  157075.51333333   157104.42         157133.32666667 ...
 14527444.34814815 14527479.38518519 14527514.42222222]
fp.shape: (98910, 2)
i: [    0     1     2 ... 11364 11365 11366]
j: [    0     0     0 ... 11420 11420 11420]
d: [-5.42217401e+03 -5.42215014e+03 -5.41604970e+03 ...  1.98014019e-01
  3.47963952e-01  4.43674900e-01]
x: [4.95666667e+00 9.29666667e+00 1.13566667e+01 ... 1.47439119e+06
 1.47439434e+06 1.47439504e+06]
xp: [  157075.51333333   157104.42         157133.32666667 ...
 14527444.34814815 14527479.38518519 14527514.42222222]
fp.shape: (98910, 2)
i: [     0      1      2 ... 343334 343335 343336]
j: [    0     0     0 ... 11438 11438 11439]
d: [-5.43371391e+03 -5.43356377e+03 -5.43349250e+03 ...  9.13448162e-01
  9.99527989e-01  1.85657502e-02]
x: [4.49000000e+01 4.62666667e+01 4.78100000e+01 ... 1.47393582e+06
 1.47393653e+06 1.47393691e+06]
xp: [  157075.51333333   157104.42         157133.32666667 ...
 14527444.34814815 14527479.38518519 14527514.42222222]
fp.shape: (98910, 2)
i: [   0    1    2 ... 4129 4130 4131]
j: [    0     0     0 ... 11426 11426 11426]
d: [-5.43233210e+03 -5.43228482e+03 -5.43223143e+03 ...  8.65833562e-02
  1.07058500e-01  1.18113156e-01]
x: [8.01203333e+02 4.83929333e+03 5.54470000e+03 ... 1.47357615e+06
 1.47393595e+06 1.47430826e+06]
xp: [  157075.51333333   157104.42         157133.32666667 ...
 14527444.34814815 14527479.38518519 14527514.42222222]
fp.shape: (98910, 2)
i: [    0     1     2 ... 19948 19949 19950]
j: [    0     0     0 ... 11416 11426 11436]
d: [-5.40616847e+03 -5.26647440e+03 -5.24207149e+03 ...  4.11882510e-01
  9.03323263e-02  6.84111045e-01]
x: [1.05550667e+03 2.54511667e+03 2.80412000e+03 ... 1.47371624e+06
 1.47371776e+06 1.47371846e+06]
xp: [  157075.51333333   157104.42         157133.32666667 ...
 14527444.34814815 14527479.38518519 14527514.42222222]
fp.shape: (98910, 2)
i: [    0     1     2 ... 11118 11119 11120]
j: [    0     0     0 ... 11419 11419 11419]
d: [-5.39737108e+03 -5.34583937e+03 -5.33687938e+03 ...  9.18641522e-01
  9.56692256e-01  9.74299065e-01]
x: [2.38666667e+01 3.07190000e+02 4.69480000e+02 ... 1.47371058e+06
 1.47371103e+06 1.47393633e+06]
xp: [  157075.51333333   157104.42         157133.32666667 ...
 14527444.34814815 14527479.38518519 14527514.42222222]
fp.shape: (98910, 2)
i: [    0     1     2 ... 13437 13438 13439]
j: [    0     0     0 ... 11419 11419 11426]
d: [-5.43305973e+03 -5.42325842e+03 -5.41764414e+03 ...  7.77036048e-01
  7.88217623e-01  1.01483109e-01]
x: [   5563.72333333    5564.3          11700.41333333 ... 1473936.91
 1473937.52       1473939.39333333]
xp: [  157075.51333333   157104.42         157133.32666667 ...
 14527444.34814815 14527479.38518519 14527514.42222222]
fp.shape: (98910, 2)
i: [   0    1    2 ... 9416 9417 9418]
j: [    0     0     0 ... 11426 11426 11426]
d: [-5.24141340e+03 -5.24139345e+03 -5.02912016e+03 ...  1.18113156e-01
  1.35704477e-01  1.89728097e-01]
x: [5.63333333e-01 1.01000000e+00 1.78000000e+00 ... 1.47438249e+06
 1.47438284e+06 1.47439540e+06]
xp: 